232
749
1791
950
1294
975
330
1284
939
1775
1982
816
1325
1277
1418
543
81
1750
204
1742
153
818
1631
1690
808
1766
1505
1004
921
1862
1714
319
1472
1387
312
1823
1944
781
1984
1808
940
573
847
88
897
882
1446
1802
1536
1502
1988
928
1458
347
53
1780
36
1576
600
1419
185
970
1135
623
1791
1281
1551
1911
249
440
855
1909
1532
1816
702
1019
38
282
1893
427
1688
439
1995
1226
1732
174
1807
1728
1
1120
656
1471
539
412
1745
1710
712
354
1064
1729
1365
854
917
1430
463
1316
464
254
1134
490
619
694
652
470
103
417
579
1180
594
852
1364
1748
1341
765
1971
559
1916
1585
48
1108
1143
1985
1713
619
1918
1592
410
1796
809
1475
1727
597
813
1038
1456
1247
42
39
419
1196
1377
689
688
1831
931
120
309
711
1237
187
1818
1529
720
1723
1359
841
148
1358
1601
1950
701
992
1227
687
1181
920
505
1574
601
722
1208
607
928
942
1034
1660
1638
1156
1125
137
559
1569
235
279
966
1523
292
1879
1277
94
663
228
255
376
760
173
1793
647
1355
1886
136
1829
86
795
532
1533
741
120
1577
1253
1319
520
142
663
1798
1744
654
878
1844
1462
732
905
1040
1195
932
1951
536
451
1149
1776
937
573
234
1012
1666
1699
1968
514
470
352
1585
863
799
1160
1590
929
384
1609
508
382
1299
1212
1574
38
1042
1080
64
746
1
515
435
119
1095
70
100
563
190
444
136
1171
1120
710
1858
1366
1729
1230
348
722
108
646
260
921
1526
1485
253
375
510
1421
1655
1067
1158
1844
1609
32
1867
1740
907
246
1151
1801
128
1314
1896
1551
1424
591
1506
1134
1875
1007
1407
187
105
1682
1807
604
231
1809
1258
271
221
232
1962
455
1586
1902
182
1941
1344
818
201
1711
1885
243
1490
1775
1566
156
1428
1867
1440
843
1837
1244
1809
1389
1219
77
1592
72
938
306
1957
1635
1715
722
1683
438
207
163
1146
1562
689
1697
593
1548
1521
378
1729
835
44
537
1237
1051
1385
716
1502
718
1910
1605
1330
1023
81
970
596
34
1348
953
223
283
39
11
1323
145
1545
819
83
399
745
1524
1133
215
1118
236
776
1411
1207
1009
356
1466
461
1367
603
1163
708
1291
126
872
1472
1054
1802
1490
981
1665
1561
509
1926
746
196
1504
1871
385
1814
140
286
313
588
742
1468
1678
1673
307
1258
695
390
783
1862
1672
1014
170
1325
1288
1368
319
1882
1065
326
1297
669
1897
1978
1317
1271
1924
1376
807
1617
404
1670
170
476
1190
895
607
547
1082
248
864
828
119
1650
1162
414
264
254
357
173
1991
838
562
496
117
616
320
340
1027
926
634
633
1567
376
96
346
1551
268
1873
842
627
419
1442
458
1674
1412
925
1063
36
558
1801
1968
1567
111
658
1397
1361
1714
1685
1530
752
613
443
1707
721
104
1647
1019
1851
785
557
1077
1175
1853
1832
1475
1703
241
440
1420
1024
527
1759
1911
549
787
1879
990
1857
973
1066
863
640
1993
348
972
283
1242
1001
1266
1151
1957
855
1702
1961
169
327
1115
624
317
1006
1009
142
1586
1418
343
444
1111
1700
1473
746
1788
1345
1796
552
1406
1779
318
419
32
1490
995
655
1563
1795
1171
1934
476
1875
1927
1898
828
1619
874
661
1789
1887
1844
1418
47
1340
1552
191
1907
286
1472
1386
1943
1395
1607
493
528
1648
84
975
54
86
1838
1528
1305
1920
795
169
481
347
603
662
1731
1602
1569
673
1007
181
1201
1157
470
326
436
859
1145
1777
793
1820
1101
1717
615
1619
1067
1490
1485
1246
228
705
1994
1841
881
1146
1368
887
56
295
1554
1975
714
435
567
767
1050
1021
1559
1695
1864
1295
1802
1172
1932
6
1056
175
1630
669
147
1201
593
218
1768
982
1648
901
197
1772
144
49
700
1534
1750
136
293
33
1906
1991
1242
282
504
1363
1596
1449
1407
166
1028
1239
19
954
1843
424
1461
1585
474
1196
402
846
726
680
1088
1044
1299
1963
581
522
1537
1296
1522
1815
1604
1392
1261
1439
1125
1937
1372
1610
1062
1502
13
125
1395
180
1491
1336
708
1287
954
1867
127
223
1147
854
426
18
1500
1947
1854
15
543
130
1655
1252
1962
1065
520
429
822
1334
1659
10
561
1178
1542
1995
1679
1316
1945
1722
13
1711
1700
1478
1142
425
1414
55
1822
785
895
51
988
859
1207
1964
36
244
168
355
1874
1917
630
1981
83
1798
96
1232
509
1336
1870
1707
1167
1358
1161
1584
83
209
874
206
992
1103
698
591
813
1576
1673
282
1487
260
747
358
627
1300
1036
973
1479
467
1156
1352
194
1945
1510
1644
1716
1677
1650
945
632
979
1466
395
1767
1081
1650
439
1270
1530
49
212
815
734
420
1227
317
30
1873
1676
1888
231
1304
1510
1681
763
710
1267
320
1454
803
1870
1849
1251
332
1666
245
1860
1051
784
92
1944
386
780
71
1924
1942
933
772
273
888
1519
452
1797
559
1775
1454
577
113
1042
1030
1014
1473
1994
1768
1637
434
1926
1518
418
1833
733
882
356
688
695
1213
1868
455
1720
973
415
1445
1018
117
1345
909
1558
46
544
1836
62
363
42
1806
1258
1275
1692
1232
541
1688
1001
1152
627
1740
307
1520
297
1347
56
1898
953
1931
1916
445
1057
152
271
1958
1199
692
1611
1002
1099
291
1805
1567
1665
741
269
843
1225
437
811
212
1765
222
1784
1814
151
1278
1950
339
1068
658
797
308
1624
1296
1636
1662
415
1348
1400
800
493
1682
643
761
1540
74
844
230
1072
1514
494
777
24
1405
1704
501
114
241
1554
630
467
935
198
477
1939
1731
1602
1145
9
611
137
625
968
844
1744
718
325
127
1404
1014
244
1291
1109
563
1774
1228
1863
50
817
882
1190
342
1988
924
171
1101
1334
979
879
1291
1986
1587
1570
1282
1408
980
1481
323
1067
103
1666
126
970
172
1077
614
1694
480
1161
1360
1255
1475
863
313
307
1239
1951
711
708
277
1150
600
1389
1914
1529
919
841
1455
1792
701
488
550
497
1379
614
1968
1616
614
985
987
1297
436
1384
1449
1522
1762
1155
444
1111
1840
1203
173
1859
1764
430
1596
751
1891
454
1857
1483
1038
272
1777
671
1177
412
236
268
1367
1974
1523
1555
433
1655
392
385
1557
1944
413
951
283
501
1294
578
1267
1994
875
75
26
989
573
509
636
1367
1018
525
899
624
340
1387
1437
278
379
1541
1820
1434
707
50
166
87
784
1250
1709
479
1406
543
409
1652
173
943
1393
752
873
121
89
194
215
850
1670
534
1196
243
1196
415
1304
1817
392
3
1167
1192
697
723
1608
1133
1801
710
1871
959
186
369
1925
1456
764
1013
87
822
1771
1284
1708
784
853
401
263
679
568
644
109
388
1050
1863
1648
1048
739
1201
1098
475
692
1548
1814
580
1115
1108
24
562
878
1422
1356
1349
1189
178
1483
1644
228
1543
331
1676
54
1226
1342
1081
1653
1675
1930
1956
1414
372
521
1073
1506
1318
1334
308
446
1441
1512
1784
1756
704
1884
1595
1658
1695
474
953
1192
1899
266
1828
632
1924
1167
589
1246
1617
161
513
55
1120
537
227
1078
600
1605
1410
328
1933
827
871
457
783
586
1149
1616
464
1148
1453
805
560
1081
1428
3
695
1125
244
105
510
1144
900
442
1114
798
1861
1268
1446
1653
1218
1230
875
756
610
890
1823
604
814
1706
1416
1110
73
1694
363
1259
817
1820
790
1043
1857
873
1462
405
1056
547
1253
1117
522
673
755
507
584
674
224
1944
1454
418
356
1428
706
875
1467
811
1780
1160
736
1398
1870
1973
1045
1181
649
1282
812
1850
1497
1606
118
121
806
224
341
1915
569
1705
1631
538
847
870
1378
1671
29
1289
1534
1327
80
1894
148
812
927
451
473
711
128
73
1606
971
1923
696
1632
1254
1775
135
1039
1705
1943
776
1581
1310
1529
937
1180
744
1779
1911
196
1430
1458
1085
921
642
744
1899
1797
710
1225
1218
7
462
1650
875
967
1784
1143
135
1860
200
1928
545
1901
1272
191
1088
1336
1757
1720
777
402
597
1661
1713
1300
92
589
1279
1998
317
921
976
706
789
59
1188
1312
452
947
598
842
925
575
458
1267
1485
1350
462
696
1800
401
1235
1707
30
1430
1301
472
109
659
709
1687
1296
883
440
1517
1653
1808
104
1342
605
1558
1416
339
828
496
581
787
880
625
520
1378
1806
272
1112
1427
1256
1617
269
955
202
748
223
548
1988
1837
205
1898
754
663
1177
38
663
949
352
20
1385
1055
1336
931
1445
1237
1250
296
147
1723
670
991
1204
97
206
528
1992
782
291
1962
252
1945
1347
1486
1328
675
269
315
679
1124
211
1489
519
976
261
68
385
966
959
671
1562
1749
1016
1538
872
1835
1275
1290
952
652
1795
284
44
91
1008
1390
1811
312
502
1409
1856
150
772
478
812
232
1842
588
918
1863
1923
1563
313
1538
362
257
935
1571
601
751
545
1210
949
1071
1800
1304
1445
1596
510
906
793
557
758
896
1192
1503
1466
1641
721
750
650
189
83
1968
1122
1399
392
1855
469
1180
28
849
1478
332
1308
310
1989
132
1945
1853
406
158
1291
834
253
70
578
200
566
105
1752
223
465
1100
1187
1410
1050
950
934
993
1686
1547
1319
422
1466
1431
1547
1429
118
627
1486
196
959
1830
1791
757
538
1723
1271
1069
1555
843
1418
1954
1565
855
1334
1093
341
309
760
1625
1071
1348
31
1024
722
573
1288
481
1487
760
1432
1655
1100
168
952
1817
1264
356
1002
897
1079
1619
1866
188
468
131
208
845
310
1126
1026
126
643
682
1415
1716
1234
868
790
45
821
504
1820
9
179
1783
732
2
1859
373
816
298
324
1381
78
1648
250
1204
1287
1566
1154
383
729
1665
807
1874
403
1798
589
511
344
606
939
454
717
1374
1142
1095
189
1029
952
1953
109
218
207
422
1881
1330
1745
829
1804
523
557
739
335
856
381
1696
1273
618
1721
578
1540
55
533
360
480
1081
1210
1948
753
725
1873
1165
1188
919
411
8
511
55
63
1459
1461
1562
811
1175
1305
1879
923
1111
1738
1107
1656
833
1165
1260
1575
431
1193
495
1954
1242
987
1479
196
605
841
275
1438
1889
132
274
471
42
646
397
1328
541
267
49
229
924
1325
967
1247
1504
279
818
662
786
1947
1365
1460
166
799
1262
1013
868
1185
1139
1930
1620
1323
1511
285
805
579
121
127
1275
249
1226
365
819
275
409
737
1556
854
1516
1157
1795
1194
1165
834
1314
1984
703
1526
1495
1168
379
180
1653
1642
1019
1206
89
734
146
13
387
456
1479
1353
1839
